134906
134834
134762
134690
134617
134544
134471
134398
134324
134250
134176
134101
134026
133951
133875
133799
133723
133647
133570
133493
133415
133338
133259
133181
133102
133023
132944
132864
132784
132704
132623
132542
132460
132379
132296
132214
132131
132048
131965
131881
131796
131712
131627
131542
131456
131370
131283
131197
131109
131022
130934
130846
130757
130668
130578
130488
130398
130307
130216
130125
130033
129941
129848
129755
129662
129568
129473
129378
129283
129188
129092
128995
128898
128801
128703
128605
128506
128407
128308
128208
128107
128006
127905
127803
127701
127598
127494
127391
127287
127182
127077
126971
126865
126758
126651
126543
126435
126327
126218
126108
125998
125887
125776
125664
125552
125439
125326
125212
125098
124983
124867
124751
124635
124517
124400
124282
124163
124043
123924
123803
123682
123560
123438
123315
123192
123068
122943
122818
122692
122566
122439
122311
122183
122054
121925
121795
121664
121533
121401
121268
121135
121001
120866
120731
120595
120458
120321
120183
120045
119905
119765
119625
119484
119342
119199
119056
118911
118767
118621
118475
118328
118180
118032
117883
117733
117583
117431
117279
117127
116973
116819
116664
116508
116351
116194
116036
115877
115717
115557
115396
115234
115071
114908
114743
114578
114412
114245
114078
113909
113740
113570
113399
113227
113055
112881
112707
112532
112356
112180
112002
111824
111644
111464
111283
111101
110918
110735
110550
110365
110179
109992
109804
109615
109425
109234
109043
108850
108657
108463
108267
108071
107874
107676
107478
107278
107077
106876
106673
106470
106265
106060
105854
105647
105439
105230
105020
104809
104598
104385
104171
103957
103741
103525
103308
103089
102870
102650
102429
102207
101984
101760
101535
101310
101083
100855
100627
100398
100167
99936
99704
99471
99236
99002
98766
98529
98291
98053
97813
97573
97331
97089
96846
96602
96357
96111
95865
95617
95369
95120
94870
94619
94367
94114
93861
93606
93351
93095
92838
92581
92322
92063
91803
91542
91281
91019
90755
90492
90227
89962
89695
89429
89161
88893
88624
88354
88084
87813
87541
87269
86996
86722
86448
86173
85898
85622
85345
85068
84790
84512
84233
83954
83674
83393
83112
82831
82549
82267
81984
81701
81417
81133
80848
80563
80278
79993
79707
79420
79134
78847
78560
78272
77985
77697
77408
77120
76831
76542
76253
75964
75675
75385
75096
74806
74516
74226
73936
73646
73356
73066
72776
72485
72195
71905
71615
71325
71035
70745
70456
70166
69877
69587
69298
69009
68721
68432
68144
67856
67568
67280
66993
66706
66419
66132
65846
65560
65275
64990
64705
64421
64137
63854
63571
63288
63006
62724
62443
62162
61882
61603
61323
61045
60767
60489
60212
59936
59660
59385
59111
58837
58563
58291
58019
57747
57477
57207
56937
56669
56401
56134
55867
55602
55337
55073
54809
54546
54284
54023
53763
53503
53245
52987
52729
52473
52218
51963
51709
51456
51204
50953
50702
50453
50204
49956
49709
49463
49218
48973
48730
48487
48246
48005
47765
47526
47288
47051
46815
46580
46345
46112
45879
45648
45417
45187
44959
44731
44504
44278
44053
43829
43605
43383
43162
42941
42722
42504
42286
42069
41854
41639
41425
41212
41000
40789
40579
40370
40162
39955
39748
39543
39339
39135
38932
38731
38530
38330
38131
37933
37736
37540
37345
37150
36957
36764
36573
36382
36192
36003
35815
35628
35442
35256
35072
34888
34706
34524
34343
34163
33984
33805
33628
33451
33275
33100
32926
32753
32581
32409
32238
32068
31899
31731
31564
31397
31231
31066
30902
30739
30576
30414
30253
30093
29934
29775
29618
29461
29304
29149
28994
28840
28687
28535
28383
28232
28082
27932
27784
27636
27488
27342
27196
27051
26907
26763
26620
26478
26336
26196
26055
25916
25777
25639
25502
25365
25229
25094
24959
24825
24692
24559
24427
24296
24165
24035
23905
23776
23648
23521
23394
23267
23141
23016
22892
22768
22645
22522
22400
22278
22158
22037
21918
21798
21680
21562
21444
21327
21211
21095
20980
20866
20752
20638
20525
20413
20301
20189
20079
19968
19859
19749
19641
19532
19425
19317
19211
19105
18999
18894
18789
18685
18581
18478
18375
18273
18171
18070
17969
17869
17769
17670
17571
17472
17374
17277
17180
17083
16987
16891
16796
16701
16606
16512
16419
16326
16233
16141
16049
15957
15866
15776
15685
15596
15506
15417
15329
15240
15153
15065
14978
14892
14805
14719
14634
14549
14464
14380
14296
14212
14129
14046
13964
13882
13800
13719
13638
13557
13477
13397
13317
13238
13159
13080
13002
12924
12846
12769
12692
12616
12540
12464
12388
12313
12238
12163
12089
12015
11941
11868
11795
11722
11650
11578
11506
11434
11363
11292
11221
11151
11081
11011
