7497
7532
7568
7604
7639
7675
7710
7745
7780
7816
7851
7886
7921
7956
7990
8025
8060
8094
8129
8163
8197
8232
8266
8300
8334
8368
8402
8435
8469
8503
8536
8570
8603
8636
8669
8702
8735
8768
8801
8834
8866
8899
8931
8964
8996
9028
9060
9092
9124
9155
9187
9219
9250
9281
9312
9344
9375
9405
9436
9467
9497
9528
9558
9589
9619
9649
9679
9708
9738
9767
9797
9826
9855
9884
9913
9942
9971
9999
10028
10056
10084
10113
10140
10168
10196
10224
10251
10278
10305
10332
10359
10386
10413
10439
10466
10492
10518
10544
10570
10595
10621
10646
10671
10696
10721
10746
10771
10795
10820
10844
10868
10892
10915
10939
10962
10986
11009
11032
11055
11077
11100
11122
11144
11166
11188
11210
11231
11253
11274
11295
11316
11336
11357
11377
11397
11417
11437
11457
11476
11496
11515
11534
11553
11571
11590
11608
11626
11644
11662
11679
11697
11714
11731
11748
11764
11781
11797
11813
11829
11845
11861
11876
11891
11906
11921
11936
11950
11964
11978
11992
12006
12019
12032
12046
12058
12071
12084
12096
12108
12120
12132
12143
12155
12166
12177
12187
12198
12208
12218
12228
12238
12248
12257
12266
12275
12284
12292
12301
12309
12317
12324
12332
12339
12346
12353
12360
12367
12373
12379
12385
12391
12396
12401
12406
12411
12416
12420
12425
12429
12433
12436
12440
12443
12446
12449
12451
12454
12456
12458
12460
12461
12463
12464
12465
12466
12466
12467
12467
12467
12467
12466
12466
12465
12464
12462
12461
12459
12458
12455
12453
12451
12448
12445
12442
12439
12435
12432
12428
12424
12420
12415
12411
12406
12401
12395
12390
12384
12379
12373
12366
12360
12353
12347
12340
12332
12325
12317
12310
12302
12294
12285
12277
12268
12259
12250
12241
12232
12222
12212
12202
12192
12182
12171
12160
12149
12138
12127
12116
12104
12092
12080
12068
12056
12043
12031
12018
12005
11992
11978
11965
11951
11937
11923
11909
11895
11880
11866
11851
11836
11820
11805
11790
11774
11758
11742
11726
11710
11693
11677
11660
11643
11626
11609
11591
11574
11556
11538
11520
11502
11484
11465
11447
11428
11409
11390
11371
11352
11332
11313
11293
11273
11253
11233
11213
11193
11172
11151
11131
11110
11089
11068
11046
11025
11003
10982
10960
10938
10916
10894
10871
10849
10826
10804
10781
10758
10735
10712
10689
10665
10642
10618
10594
10571
10547
10523
10498
10474
10450
10425
10401
10376
10351
10326
10301
10276
10251
10226
10200
10175
10149
10124
10098
10072
10046
10020
9994
9967
9941
9915
9888
9861
9835
9808
9781
9754
9727
9700
9673
9645
9618
9590
9563
9535
9507
9480
9452
9424
9396
9368
9339
9311
9283
9254
9226
9197
9169
9140
9111
9082
9053
9024
8995
