1
27
53
79
105
130
156
182
207
232
257
283
308
333
357
382
407
431
456
480
505
529
553
577
601
625
648
672
695
719
742
765
788
811
834
857
880
902
925
947
969
992
1014
1036
1057
1079
1101
1122
1143
1165
1186
1207
1228
1249
1269
1290
1310
1331
1351
1371
1391
1411
1430
1450
1469
1489
1508
1527
1546
1565
1584
1602
1621
1639
1657
1675
1693
1711
1729
1746
1764
1781
1798
1815
1832
1849
1865
1882
1898
1914
1930
1946
1962
1978
1993
2009
2024
2039
2054
2069
2083
2098
2112
2127
2141
2155
2168
2182
2195
2209
2222
2235
2248
2261
2273
2286
2298
2310
2322
2334
2346
2357
2369
2380
2391
2402
2413
2423
2434
2444
2454
2464
2474
2483
2493
2502
2511
2520
2529
2538
2547
2555
2563
2571
2579
2587
2594
2602
2609
2616
2623
2630
2636
2643
2649
2655
2661
2667
2672
2678
2683
2688
2693
2698
2702
2707
2711
2715
2719
2723
2726
2730
2733
2736
2739
2742
2744
2747
2749
2751
2753
2754
2756
2757
2759
2760
2760
2761
2762
2762
2762
2762
2762
2762
2761
2760
2760
2759
2757
2756
2755
2753
2751
2749
2747
2744
2742
2739
2736
2733
2730
2726
2723
2719
2715
2711
2707
2703
2698
2693
2688
2683
2678
2673
2667
2661
2655
2649
2643
2637
2630
2623
2616
2609
2602
2594
2587
2579
2571
2563
2555
2547
2538
2529
2520
2511
2502
2493
2483
2474
2464
2454
2444
2433
2423
2412
2401
2390
2379
2368
2357
2345
2333
2321
2309
2297
2285
2272
2260
2247
2234
2221
2207
2194
2180
2167
2153
2139
2125
2110
2096
2081
2067
2052
2037
2021
2006
1991
1975
1959
1943
1927
1911
1895
1878
1862
1845
1828
1811
1794
1777
1759
1742
1724
1706
1688
1670
1652
1634
1615
1597
1578
1559
1540
1521
1502
1482
1463
1443
1423
1404
1384
1363
1343
1323
1302
1282
1261
1240
1219
1198
1177
1155
1134
1112
1091
1069
1047
1025
1003
981
958
936
913
891
868
845
822
799
775
752
729
705
681
658
634
610
586
562
537
513
489
464
439
415
390
365
340
315
289
264
239
213
187
162
136
110
84
58
32
6
