302730
302732
302734
302736
302738
302740
302742
302744
302746
302748
302750
302752
302754
302757
302759
302761
302763
302765
302767
302769
302771
302773
302775
302777
302779
302781
302783
302785
302787
302790
302792
302794
302796
302798
302800
302802
302804
302806
302808
302810
302812
302814
302816
302818
302821
302823
302825
302827
302829
302831
302833
302835
302837
302839
302841
302843
302845
302847
302850
302852
302854
302856
302858
302860
302862
302864
302866
302868
302870
302872
302874
302876
302878
302881
302883
302885
302887
302889
302891
302893
302895
302897
302899
302901
302903
302905
302908
302910
302912
302914
302916
302918
302920
302922
302924
302926
302928
302930
302932
302934
302937
302939
302941
302943
302945
302947
302949
302951
302953
302955
302957
302959
302962
302964
302966
302968
302970
302972
302974
302976
302978
302980
302982
302984
302986
302989
302991
302993
302995
302997
302999
303001
303003
303005
303007
303009
303011
303014
303016
303018
303020
303022
303024
303026
303028
303030
303032
303034
303036
303039
303041
303043
303045
303047
303049
303051
303053
303055
303057
303059
303061
303064
303066
303068
303070
303072
303074
303076
303078
303080
303082
303084
303086
303089
303091
303093
303095
303097
303099
303101
303103
303105
303107
303109
303112
303114
303116
303118
303120
303122
303124
303126
303128
303130
303132
303135
303137
303139
303141
303143
303145
303147
303149
303151
303153
303155
303158
303160
303162
303164
303166
303168
303170
303172
303174
303176
303179
303181
303183
303185
303187
303189
303191
303193
303195
303197
303199
303202
303204
303206
303208
303210
303212
303214
303216
303218
303220
303223
303225
303227
303229
303231
303233
303235
303237
303239
303241
303244
303246
303248
303250
303252
303254
303256
303258
303260
303262
303265
303267
303269
303271
303273
303275
303277
303279
303281
303284
303286
303288
303290
303292
303294
303296
303298
303300
303302
303305
303307
303309
303311
303313
303315
303317
303319
303321
303324
303326
303328
303330
303332
303334
303336
303338
303340
303342
303345
303347
303349
303351
303353
303355
303357
303359
303361
303364
303366
303368
303370
303372
303374
303376
303378
303380
303383
303385
303387
303389
303391
303393
303395
303397
303399
303402
303404
303406
303408
303410
303412
303414
303416
303418
303421
303423
303425
303427
303429
303431
303433
303435
303438
303440
303442
303444
303446
303448
303450
303452
303454
303457
303459
303461
303463
303465
303467
303469
303471
303473
303476
303478
303480
303482
303484
303486
303488
303490
303493
303495
303497
303499
303501
303503
303505
303507
303510
303512
303514
303516
303518
303520
303522
303524
303527
303529
303531
303533
303535
303537
303539
303541
303544
303546
303548
303550
303552
303554
303556
303558
303560
303563
303565
303567
303569
303571
303573
303575
303578
303580
303582
303584
303586
303588
303590
303592
303595
303597
303599
303601
303603
303605
303607
303609
303612
303614
303616
303618
303620
303622
303624
303626
303629
303631
303633
303635
303637
303639
303641
303644
303646
303648
303650
303652
303654
303656
303658
303661
303663
303665
303667
303669
303671
303673
303676
303678
303680
303682
303684
303686
303688
303690
303693
303695
303697
303699
303701
303703
303705
303708
303710
303712
303714
303716
303718
303720
303723
303725
303727
303729
303731
303733
303735
303737
303740
303742
303744
303746
303748
303750
303752
303755
303757
303759
303761
303763
303765
303767
303770
303772
303774
303776
303778
303780
303782
303785
303787
303789
303791
303793
303795
303797
303800
303802
303804
303806
303808
303810
303812
303815
303817
303819
303821
303823
303825
303827
303830
303832
303834
303836
303838
303840
303843
303845
303847
303849
303851
303853
303855
303858
303860
303862
303864
303866
303868
303870
303873
303875
303877
303879
303881
303883
303885
303888
303890
303892
303894
303896
303898
303901
303903
303905
303907
303909
303911
303913
303916
303918
303920
303922
303924
303926
303929
303931
303933
303935
303937
303939
303941
303944
303946
303948
303950
303952
303954
303957
303959
303961
303963
303965
303967
303970
303972
303974
303976
303978
303980
303982
303985
303987
303989
303991
303993
303995
303998
304000
304002
304004
304006
304008
304011
304013
304015
304017
304019
304021
304024
304026
304028
304030
304032
304034
304036
304039
304041
304043
304045
304047
304049
304052
304054
304056
304058
304060
304062
304065
304067
304069
304071
304073
304075
304078
304080
304082
304084
304086
304088
304091
304093
304095
304097
304099
304101
304104
304106
304108
304110
304112
304114
304117
304119
304121
304123
304125
304127
304130
304132
304134
304136
304138
304141
304143
304145
304147
304149
304151
304154
304156
304158
304160
304162
304164
304167
304169
304171
304173
304175
304177
304180
304182
304184
304186
304188
304190
304193
304195
304197
304199
304201
304204
304206
304208
304210
304212
304214
304217
304219
304221
304223
304225
304227
304230
304232
304234
304236
304238
304241
304243
304245
304247
304249
304251
