163050
162925
162799
162673
162547
162421
162294
162167
162040
161913
161785
161657
161528
161399
161270
161141
161011
160882
160751
160621
160490
160359
160227
160096
159964
159831
159699
159566
159433
159299
159165
159031
158897
158762
158627
158492
158356
158220
158084
157948
157811
157674
157537
157399
157261
157123
156984
156846
156706
156567
156427
156287
156147
156006
155866
155724
155583
155441
155299
155157
155014
154871
154728
154585
154441
154297
154153
154008
153863
153718
153573
153427
153281
153135
152988
152841
152694
152547
152399
152251
152103
151955
151806
151657
151507
151358
151208
151058
150908
150757
150606
150455
150303
150152
150000
149848
149695
149542
149389
149236
149083
148929
148775
148621
148466
148312
148157
148001
147846
147690
147534
147378
147222
147065
146908
146751
146594
146436
146278
146120
145962
145803
145645
145486
145326
145167
145007
144848
144688
144527
144367
144206
144045
143884
143723
143562
143400
143238
143076
142914
142751
142589
142426
142263
142100
141936
141773
141609
141445
141281
141117
140952
140788
140623
140458
140293
140128
139962
139797
139631
139465
139299
139133
138966
138800
138633
138467
138300
138133
137966
137798
137631
137464
137296
137128
136960
136792
136624
136456
136288
136119
135951
135782
135613
135445
135276
135107
134938
134768
134599
134430
134260
134091
133921
133752
133582
133412
133242
133072
132903
132732
132562
132392
132222
132052
131882
131711
131541
131371
131200
131030
130860
130689
130519
130348
130178
130007
129836
129666
129495
129325
129154
128984
128813
128642
128472
128301
128131
127960
127790
127619
127449
127279
127108
126938
126768
126597
126427
126257
126087
125917
125747
125577
125407
125237
125067
124898
124728
124558
124389
124219
124050
123881
123711
123542
123373
123204
123036
122867
122698
122530
122361
122193
122025
121856
121688
121520
121353
121185
121017
120850
120683
120516
120349
120182
120015
119848
119682
119515
119349
119183
119017
118852
118686
118520
118355
118190
118025
117860
117696
117531
117367
117203
117039
116875
116711
116548
116385
116222
116059
115896
115734
115572
115409
115248
115086
114924
114763
114602
114441
114280
114120
113960
113800
113640
113480
113321
113162
113003
112844
112685
112527
112369
112211
112054
111896
111739
111582
111426
111269
111113
110957
110801
110646
110491
110336
110181
110027
109872
109719
109565
109411
109258
109105
108953
108800
108648
108496
108344
108193
108042
107891
107741
107590
107440
107290
107141
106992
106843
106694
106546
106398
106250
106102
105955
105808
105661
105515
105369
105223
105077
104932
104787
104642
104497
104353
104209
104066
103923
103780
103637
103494
103352
103210
103069
102928
102787
102646
102505
102365
102226
102086
101947
101808
101669
101531
101393
101255
101118
100981
100844
100707
100571
100435
100300
100164
100029
99895
99760
99626
99492
99359
99226
99093
98960
98828
98696
98564
98433
98301
98171
98040
97910
97780
97651
97521
97392
97264
97135
97007
96879
96752
96625
96498
96371
96245
96119
95994
95868
95743
95618
95494
