-15067
-15071
-15074
-15077
-15080
-15084
-15087
-15090
-15093
-15097
-15100
-15103
-15107
-15110
-15113
-15116
-15120
-15123
-15126
-15129
-15133
-15136
-15139
-15143
-15146
-15149
-15152
-15156
-15159
-15162
-15165
-15169
-15172
-15175
-15178
-15182
-15185
-15188
-15192
-15195
-15198
-15201
-15205
-15208
-15211
-15214
-15218
-15221
-15224
-15228
-15231
-15234
-15237
-15241
-15244
-15247
-15250
-15254
-15257
-15260
-15263
-15267
-15270
-15273
-15277
-15280
-15283
-15286
-15290
-15293
-15296
-15299
-15303
-15306
-15309
-15312
-15316
-15319
-15322
-15326
-15329
-15332
-15335
-15339
-15342
-15345
-15348
-15352
-15355
-15358
-15361
-15365
-15368
-15371
-15374
-15378
-15381
-15384
-15388
-15391
-15394
-15397
-15401
-15404
-15407
-15410
-15414
-15417
-15420
-15423
-15427
-15430
-15433
-15437
-15440
-15443
-15446
-15450
-15453
-15456
-15459
-15463
-15466
-15469
-15472
-15476
-15479
-15482
-15485
-15489
-15492
-15495
-15498
-15502
-15505
-15508
-15512
-15515
-15518
-15521
-15525
-15528
-15531
-15534
-15538
-15541
-15544
-15547
-15551
-15554
-15557
-15560
-15564
-15567
-15570
-15573
-15577
-15580
-15583
-15587
-15590
-15593
-15596
-15600
-15603
-15606
-15609
-15613
-15616
-15619
-15622
-15626
-15629
-15632
-15635
-15639
-15642
-15645
-15648
-15652
-15655
-15658
-15661
-15665
-15668
-15671
-15674
-15678
-15681
-15684
-15688
-15691
-15694
-15697
-15701
-15704
-15707
-15710
-15714
-15717
-15720
-15723
-15727
-15730
-15733
-15736
-15740
-15743
-15746
-15749
-15753
-15756
-15759
-15762
-15766
-15769
-15772
-15775
-15779
-15782
-15785
-15788
-15792
-15795
-15798
-15801
-15805
-15808
-15811
-15814
-15818
-15821
-15824
-15828
-15831
-15834
-15837
-15841
-15844
-15847
-15850
-15854
-15857
-15860
-15863
-15867
-15870
-15873
-15876
-15880
-15883
-15886
-15889
-15893
-15896
-15899
-15902
-15906
-15909
-15912
-15915
-15919
-15922
-15925
-15928
-15932
-15935
-15938
-15941
-15945
-15948
-15951
-15954
-15958
-15961
-15964
-15967
-15971
-15974
-15977
-15980
-15984
-15987
-15990
-15993
-15997
-16000
-16003
-16006
-16010
-16013
-16016
-16019
-16023
-16026
-16029
-16032
-16036
-16039
-16042
-16045
-16049
-16052
-16055
-16058
-16062
-16065
-16068
-16071
-16075
-16078
-16081
-16084
-16088
-16091
-16094
-16097
-16101
-16104
-16107
-16110
-16114
-16117
-16120
-16123
-16127
-16130
-16133
-16136
-16139
-16143
-16146
-16149
-16152
-16156
-16159
-16162
-16165
-16169
-16172
-16175
-16178
-16182
-16185
-16188
-16191
-16195
-16198
-16201
-16204
-16208
-16211
-16214
-16217
-16221
-16224
-16227
-16230
-16234
-16237
-16240
-16243
-16247
-16250
-16253
-16256
-16260
-16263
-16266
-16269
-16273
-16276
-16279
-16282
-16285
-16289
-16292
-16295
-16298
-16302
-16305
-16308
-16311
-16315
-16318
-16321
-16324
-16328
-16331
-16334
-16337
-16341
-16344
-16347
-16350
-16354
-16357
-16360
-16363
-16367
-16370
-16373
-16376
-16379
-16383
-16386
-16389
-16392
-16396
-16399
-16402
-16405
-16409
-16412
-16415
-16418
-16422
-16425
-16428
-16431
-16435
-16438
-16441
-16444
-16448
-16451
-16454
-16457
-16460
-16464
-16467
-16470
-16473
-16477
-16480
-16483
-16486
-16490
-16493
-16496
-16499
-16503
-16506
-16509
-16512
-16516
-16519
-16522
-16525
-16528
-16532
-16535
-16538
-16541
-16545
-16548
-16551
-16554
-16558
-16561
-16564
-16567
-16571
-16574
-16577
-16580
-16583
-16587
-16590
-16593
-16596
-16600
-16603
-16606
-16609
-16613
-16616
-16619
-16622
-16626
-16629
-16632
-16635
-16638
-16642
-16645
-16648
-16651
-16655
-16658
-16661
-16664
-16668
-16671
-16674
-16677
-16680
-16684
-16687
-16690
-16693
-16697
-16700
-16703
-16706
-16710
-16713
-16716
-16719
-16722
-16726
-16729
-16732
-16735
-16739
-16742
-16745
-16748
-16752
-16755
-16758
-16761
-16765
-16768
-16771
-16774
-16777
-16781
-16784
-16787
-16790
-16794
-16797
-16800
-16803
-16806
-16810
-16813
-16816
-16819
-16823
-16826
-16829
-16832
-16836
-16839
-16842
-16845
-16848
-16852
-16855
-16858
-16861
-16865
-16868
-16871
-16874
-16878
-16881
-16884
-16887
-16890
-16894
-16897
-16900
-16903
-16907
-16910
-16913
-16916
-16919
-16923
-16926
-16929
-16932
-16936
-16939
-16942
-16945
-16949
-16952
-16955
-16958
-16961
-16965
-16968
-16971
-16974
-16978
-16981
-16984
-16987
-16990
-16994
-16997
-17000
-17003
-17007
-17010
-17013
-17016
-17019
-17023
-17026
-17029
-17032
-17036
-17039
-17042
-17045
-17048
-17052
-17055
-17058
-17061
-17065
-17068
-17071
-17074
-17077
-17081
-17084
-17087
-17090
-17094
-17097
-17100
-17103
-17106
-17110
-17113
-17116
-17119
-17123
-17126
-17129
-17132
-17135
-17139
-17142
-17145
-17148
-17152
-17155
-17158
-17161
-17164
-17168
-17171
-17174
-17177
-17181
-17184
-17187
-17190
-17193
-17197
-17200
-17203
-17206
-17210
-17213
-17216
-17219
-17222
-17226
-17229
-17232
-17235
-17239
-17242
-17245
-17248
-17251
-17255
-17258
-17261
-17264
-17267
-17271
-17274
-17277
-17280
-17284
-17287
-17290
-17293
-17296
-17300
-17303
-17306
-17309
-17313
-17316
-17319
-17322
-17325
-17329
-17332
-17335
-17338
-17341
-17345
-17348
-17351
-17354
-17358
-17361
-17364
-17367
-17370
-17374
-17377
-17380
-17383
-17386
-17390
-17393
-17396
